#! FIELDS time e
 0.000000 -26662.0234
 0.002000 -27644.4981
 0.004000 -27247.9502
 0.006000 -27481.4348
 0.008000 -27341.6050
 0.010000 -26809.5973
 0.012000 -27815.7049
 0.014000 -27158.5189
 0.016000 -27783.6484
 0.018000 -27101.7150
 0.020000 -27199.3950
 0.022000 -27699.0548
 0.024000 -27042.5481
 0.026000 -27636.0611
 0.028000 -26690.8730
 0.030000 -27473.4785
 0.032000 -27418.2724
 0.034000 -27239.3385
 0.036000 -27519.5485
 0.038000 -26695.9352
 0.040000 -27697.6990
 0.042000 -27066.2473
 0.044000 -27355.7822
 0.046000 -27127.8130
 0.048000 -26882.9946
 0.050000 -27819.5469
 0.052000 -27064.2033
 0.054000 -27737.9032
 0.056000 -26999.6360
 0.058000 -27282.8212
 0.060000 -27521.4316
 0.062000 -26859.1334
 0.064000 -27466.3702
 0.066000 -26546.2374
 0.068000 -27455.2133
 0.070000 -27109.7529
 0.072000 -27059.6681
 0.074000 -27331.1988
 0.076000 -26604.2751
 0.078000 -27537.2620
 0.080000 -26604.3733
 0.082000 -27048.3093
 0.084000 -26705.4321
 0.086000 -26602.0709
 0.088000 -27294.6741
 0.090000 -26384.5399
 0.092000 -27230.0403
 0.094000 -26425.8758
 0.096000 -26986.8939
 0.098000 -26977.3453
 0.100000 -26458.1142
 0.102000 -27153.9994
 0.104000 -26199.6459
 0.106000 -27184.2855
 0.108000 -26438.7898
 0.110000 -26622.1797
 0.112000 -26728.0574
 0.114000 -26072.2766
 0.116000 -26915.5317
 0.118000 -25749.1750
 0.120000 -26520.1445
 0.122000 -25975.4780
 0.124000 -26174.3339
 0.126000 -26618.0734
 0.128000 -25768.7344
 0.130000 -26780.7363
 0.132000 -25735.3723
 0.134000 -26467.4254
 0.136000 -25968.3587
 0.138000 -25705.8080
 0.140000 -26270.8580
 0.142000 -25326.4442
 0.144000 -26445.8602
 0.146000 -25423.4402
 0.148000 -26077.0919
 0.150000 -25880.6836
 0.152000 -25471.5166
 0.154000 -26153.1700
 0.156000 -24954.2044
 0.158000 -26045.5046
 0.160000 -25121.3694
 0.162000 -25646.0431
 0.164000 -25690.6027
 0.166000 -25164.4575
 0.168000 -26211.2807
 0.170000 -25066.5031
 0.172000 -26069.4427
 0.174000 -25159.6730
 0.176000 -25391.4671
 0.178000 -25633.8934
 0.180000 -24810.9406
 0.182000 -25757.0598
 0.184000 -24450.7094
 0.186000 -25435.9688
 0.188000 -24783.1520
 0.190000 -24800.9453
 0.192000 -25145.0268
 0.194000 -24134.0063
 0.196000 -25317.7118
 0.198000 -24076.1540
 0.200000 -24919.6349
 0.202000 -24425.7671
