#! FIELDS time e
 0.000000 -26662.0234
 0.001818 -27608.6765
 0.003636 -27402.4441
 0.005455 -27413.1603
 0.007273 -27696.2950
 0.009091 -26836.9856
 0.010909 -27839.3185
 0.012727 -27622.4798
 0.014545 -27614.9502
 0.016364 -27887.5076
 0.018182 -26992.7862
 0.020000 -27897.4339
 0.021818 -27550.6133
 0.023636 -27404.6768
 0.025455 -27669.4693
 0.027273 -26837.2714
 0.029091 -27838.8435
 0.030909 -27527.9694
 0.032727 -27403.0276
 0.034545 -27690.9697
 0.036364 -26857.6215
 0.038182 -27809.3376
 0.040000 -27423.1618
 0.041818 -27243.5327
 0.043636 -27581.8515
 0.045455 -26823.8116
 0.047273 -27896.1036
 0.049091 -27543.4337
 0.050909 -27400.4291
 0.052727 -27769.4418
 0.054545 -26917.8846
 0.056364 -27833.9056
 0.058182 -27308.3589
 0.060000 -27065.9186
 0.061818 -27469.9605
 0.063636 -26664.2600
 0.065455 -27704.5430
 0.067273 -27198.1294
 0.069091 -27027.3260
 0.070909 -27508.6525
 0.072727 -26649.5566
 0.074545 -27581.1803
 0.076364 -26917.0504
 0.078182 -26671.4539
 0.080000 -27167.4425
 0.081818 -26328.2598
 0.083636 -27379.9077
 0.085455 -26724.4390
 0.087273 -26575.3165
 0.089091 -27151.9786
 0.090909 -26288.4302
 0.092727 -27335.6688
 0.094545 -26593.2686
 0.096364 -26445.1194
 0.098182 -27040.5743
 0.100000 -26118.0213
 0.101818 -27168.0396
 0.103636 -26323.3946
 0.105455 -26208.8424
 0.107273 -26782.5781
 0.109091 -25757.9336
 0.110909 -26737.3945
 0.112727 -25765.0091
 0.114545 -25692.3718
 0.116364 -26337.0628
 0.118182 -25423.0687
 0.120000 -26611.7760
 0.121818 -25654.5665
 0.123636 -25709.4599
 0.125455 -26334.7510
 0.127273 -25262.6178
 0.129091 -26335.6566
 0.130909 -25194.9484
 0.132727 -25259.7075
 0.134545 -25870.1455
 0.136364 -24838.6873
 0.138182 -26064.1396
 0.140000 -24938.7912
 0.141818 -25167.0868
 0.143636 -25742.7957
 0.145455 -24624.3797
 0.147273 -25773.2936
 0.149091 -24491.2069
 0.150909 -24806.2295
 0.152727 -25366.5195
 0.154545 -24331.1769
 0.156364 -25650.3682
 0.158182 -24373.9993
 0.160000 -24867.2802
 0.161818 -25409.0481
 0.163636 -24298.5969
 0.165455 -25495.5123
 0.167273 -24003.2300
 0.169091 -24497.2641
 0.170909 -24909.1578
 0.172727 -23758.9877
 0.174545 -24903.6618
 0.176364 -23302.0479
 0.178182 -23879.5069
 0.180000 -24182.0921
 0.181818 -23106.7707
 0.183636 -24335.7202
